---
build/assets/images/34339-67c5c272.png: 2015-03-23 01:10:10.000000000 -04:00
build/assets/images/34420-26c0162e.png: 2015-03-23 01:09:37.000000000 -04:00
build/assets/images/35796-ae22f7a6.png: 2015-03-23 01:09:49.000000000 -04:00
build/assets/images/background-919a874e.jpg: 2015-03-23 01:07:39.000000000 -04:00
build/assets/images/background_bottom-70da2771.jpg: 2015-03-23 01:07:40.000000000
  -04:00
build/assets/images/background_full-5144fb38.jpg: 2015-03-23 01:07:41.000000000 -04:00
build/assets/images/background_full_black-aeb7934d.jpg: 2015-03-23 01:07:42.000000000
  -04:00
build/assets/images/background_small-33992196.jpg: 2015-03-23 01:07:44.000000000 -04:00
build/assets/images/background_top_banner-29711ab1.jpg: 2015-03-23 01:07:44.000000000
  -04:00
build/assets/images/background_top_banner_black-49448ac8.jpg: 2015-03-23 01:07:44.000000000
  -04:00
build/assets/images/coach-prairie-satchel-34339-94942674.png: 2015-03-23 01:07:56.000000000
  -04:00
build/assets/images/coach-swagger-leather-34420-954bf773.png: 2015-03-23 01:08:10.000000000
  -04:00
build/assets/images/coach-swagger-pebble-35796-38073672.png: 2015-03-23 01:08:22.000000000
  -04:00
build/assets/images/coach_logo-89c2f280.png: 2015-03-23 01:08:29.000000000 -04:00
build/assets/images/psd-daa74a39.jpg: 2015-03-23 01:08:31.000000000 -04:00
build/assets/images/twitter-f26c0880.png: 2015-03-23 01:08:31.000000000 -04:00
build/assets/images/Twitter_logo_white-24045316.png: 2015-03-23 01:09:09.000000000
  -04:00
